0 25.1551 25.2155
1 25.1188 25.1779
2 25.1311 25.1383
3 25.062 25.1089
4 25.2279 25.179
5 25.1784 25.1445
6 25.1393 25.1061
7 25.1043 25.0967
8 25.1022 25.1348
9 25.0695 25.0989
10 25.0278 25.0747
11 25.0436 25.0864
12 25.1041 25.0732
13 25.0712 25.0323
14 25.0464 25.0129
15 25.034 25.0117
16 25.2038 25.251
17 25.1648 25.2002
18 25.1154 25.1622
19 25.1092 25.1425
20 25.1808 25.2075
21 25.1355 25.1682
22 25.0954 25.1266
23 25.0612 25.1053
24 25.089 25.1079
25 25.0691 25.0735
26 25.0168 25.0512
27 25.0363 25.0513
28 25.1279 25.1935
29 25.1228 25.1566
30 25.063 25.1317
31 25.0848 25.1249
